3

0 28.13493 11.94395 62.51263 0.4200718 23.10992 12.62089 25.18765 17.37046 86.83726 30.39043 70.0257 80.10296 65.83674 14.08608 66.06617 23.44647 51.23665 63.46622 65.49203 16.60219 11.46715 78.79926 32.03204 54.21076 68.33946 22.0973 11.00983 74.76575 16.71621 51.50406 26.39989 42.86483 62.70446 17.69362 62.63062 55.89648 13.22573 41.05043 33.35974
28.13493 0 39.50478 43.82894 27.95246 10.24683 24.44509 35.23168 21.82024 67.02698 58.42188 41.89637 63.38495 46.17088 39.3235 45.7464 51.13259 68.56026 68.031 53.18356 35.75756 34.38406 56.00462 46.94144 27.62489 81.15929 15.97385 35.27483 54.59287 38.13041 34.10434 40.6258 41.36557 58.04957 20.28324 35.67822 71.23408 15.9516 64.50372 34.12891
11.94395 39.50478 0 69.41121 12.25636 35.05247 23.16277 25.17873 23.9161 93.47531 20.63146 81.32945 85.62481 77.4434 14.41555 73.45447 15.5503 43.15962 60.80843 69.81583 21.78645 16.20223 86.87044 35.87356 64.39444 61.66102 30.46351 7.223814 81.83702 11.76435 58.50524 23.417 44.72185 64.09993 24.90103 72.86876 48.56826 23.7909 37.47984 35.81552
62.51263 43.82894 69.41121 0 62.59913 53.95034 65.47164 47.99246 45.75615 24.3295 89.93364 44.49552 19.66096 77.19914 76.49784 5.149273 84.63547 72.58352 52.35221 16.42157 76.12104 72.79696 19.30135 89.4997 25.98131 74.44304 40.47281 62.43183 12.43366 60.73378 11.01152 53.636 33.09077 32.00063 45.06118 27.47891 71.2771 50.38044 103.4544 37.03622
0.4200718 27.95246 12.25636 62.59913 0 22.80806 12.20172 25.53852 17.55023 86.9261 30.53192 69.83589 80.23939 65.46542 13.95296 66.12864 23.52982 51.65671 63.83323 65.67854 16.27887 11.2007 78.82405 31.70434 54.11981 68.75425 22.16235 11.42751 74.8393 17.13601 51.59269 26.79533 43.14433 62.98254 17.83987 62.53265 56.31525 13.16493 40.92915 33.63497
23.10992 10.24683 35.05247 53.95034 22.80806 0 15.69945 37.73657 23.9708 77.26722 52.05094 48.81298 73.43327 44.06878 31.64723 55.97437 44.35745 69.85837 73.65129 62.55255 26.73893 26.42065 66.17885 36.86441 37.22152 84.33976 20.779 32.54415 64.83034 36.77051 43.9797 42.12 47.91142 65.91693 22.69434 44.9301 73.3469 14.87577 55.4061 39.56357
12.62089 24.44509 23.16277 65.47164 12.20172 15.69945 0 36.04583 24.86414 89.54962 37.18548 64.49793 84.27809 54.55911 16.19164 68.26277 29.30242 63.83978 74.37911 71.28059 11.31341 10.89408 79.70122 24.21403 52.06954 80.69422 26.32446 23.62503 77.16087 29.30012 54.75869 38.30144 51.57352 71.11256 24.40767 60.08142 68.41138 16.10997 40.06231 42.1718
25.18765 35.23168 25.17873 47.99246 25.53852 37.73657 36.04583 0 13.83444 71.02589 44.00421 71.64016 62.06858 80.96746 37.40132 52.65494 40.49162 33.43702 38.40244 45.51697 41.74224 36.34077 66.80577 57.16871 50.98045 46.60504 19.44196 18.15992 60.24581 13.99792 37.87117 6.28995 19.61828 38.93794 15.24105 58.9972 36.03339 23.11152 62.60514 11.38487
17.37046 21.82024 23.9161 45.75615 17.55023 23.9708 24.86414 13.83444 0 69.99097 44.54752 60.81541 62.84994 67.18054 31.4217 49.6385 38.90171 46.81342 50.47612 48.12947 33.09722 28.5862 62.9575 48.17806 41.77373 60.41619 7.30459 17.3677 58.13983 17.86419 34.77487 18.83775 26.71026 46.32404 1.555203 50.18762 49.77683 9.76963 58.31215 17.32844
86.83726 67.02698 93.47531 24.3295 86.9261 77.26722 89.54962 71.02589 69.99097 0 113.8863 54.81727 11.89166 93.68599 100.8273 21.33951 108.8044 91.38676 65.55351 28.27204 100.33 97.10217 15.07487 113.4177 43.95848 88.99401 64.80182 86.41148 12.44371 84.31379 35.33349 76.23359 53.79677 44.379 69.34193 40.81498 88.8385 74.66943 127.7821 59.718
30.39043 58.42188 20.63146 89.93364 30.53192 52.05094 37.18548 44.00421 44.54752 113.8863 0 100.2246 105.6895 90.49691 21.28102 94.04365 7.962395 50.03076 74.92784 89.45716 29.2533 26.48175 107.5009 36.19285 84.47238 69.70653 51.00227 27.50204 102.3665 30.04207 79.0704 40.45101 63.49426 82.00759 45.51721 92.92202 56.39857 43.47347 24.48991 55.23649
70.0257 41.89637 81.32945 44.49552 69.83589 48.81298 64.49793 71.64016 60.81541 54.81727 100.2246 0 59.1836 41.26203 80.40435 41.53491 92.78279 104.0324 92.69559 60.82582 75.30173 75.21584 39.74251 82.59714 22.02778 111.8697 53.56169 76.61568 46.09311 78.54294 44.13682 77.84775 67.39805 74.77882 59.32061 17.07218 104.9903 57.57458 103.532 65.13079
80.10296 63.38495 85.62481 19.66096 80.23939 73.43327 84.27809 62.06858 62.84994 11.89166 105.6895 59.1836 0 95.41433 94.18862 19.29258 101.1304 80.23001 53.72918 17.33447 94.59514 90.87758 21.57555 108.4488 44.18894 77.1901 58.50867 78.44258 13.12326 75.76076 29.61316 66.85747 43.79716 32.6683 62.41232 43.30322 77.42085 68.71083 121.1407 50.68459
65.83674 46.17088 77.4434 77.19914 65.46542 44.06878 54.55911 80.96746 67.18054 93.68599 90.49691 41.26203 95.41433 0 69.33434 76.20013 82.55907 113.7746 113.6408 91.55798 61.28712 64.35839 78.9344 60.53429 51.3423 127.2762 62.08984 76.18291 83.08808 80.75857 71.66448 85.86239 86.65599 100.9736 65.73475 52.87742 116.9568 58.82942 83.82244 80.15978
14.08608 39.3235 14.41555 76.49784 13.95296 31.64723 16.19164 37.40132 31.4217 100.8273 21.28102 80.40435 94.18862 69.33434 0 79.94189 13.32054 57.38521 74.60098 79.49396 8.675307 5.301565 92.41798 21.47111 66.57531 76.0571 36.02734 19.7424 88.69379 25.48846 65.49954 36.94667 56.15856 75.94686 31.77946 74.84276 62.9173 26.47159 26.98053 46.75965
66.06617 45.7464 73.45447 5.149273 66.12864 55.97437 68.26277 52.65494 49.6385 21.33951 94.04365 41.53491 19.29258 76.20013 79.94189 0 88.53348 77.71952 57.26254 20.38665 79.11922 76.05133 14.28318 92.08387 24.90904 79.50287 43.96887 66.56838 8.905824 65.13348 15.01123 58.40244 38.19705 36.64606 48.84426 24.8367 76.4259 53.60854 106.8255 41.84957
23.44647 51.13259 15.5503 84.63547 23.52982 44.35745 29.30242 40.49162 38.90171 108.8044 7.962395 92.78279 101.1304 82.55907 13.32054 88.53348 0 52.02133 74.23135 85.36555 21.36929 18.5403 101.6943 29.68135 77.64933 71.54204 44.89915 22.7731 97.03451 26.62368 73.67052 37.93314 60.10315 79.25775 39.70359 86.05769 58.14779 36.66841 23.13586 51.32469
51.23665 68.56026 43.15962 72.58352 51.65671 69.85837 63.83978 33.43702 46.81342 91.38676 50.03076 104.0324 80.23001 113.7746 57.38521 77.71952 52.02133 0 31.51748 63.12257 64.90932 59.24574 91.77575 78.79903 82.5614 19.67588 52.87652 40.30134 83.27785 34.54252 64.90522 27.98168 39.61976 48.38974 48.32294 89.9917 6.486044 54.99601 74.31612 39.04593
63.46622 68.031 60.80843 52.35221 63.83323 73.65129 74.37911 38.40244 50.47612 65.55351 74.92784 92.69559 53.72918 113.6408 74.60098 57.26254 74.23135 31.51748 0 38.40092 79.86793 74.30898 69.80559 95.21859 70.8129 23.47569 52.97093 54.86679 60.24135 49.17725 48.76777 37.65942 27.01982 21.36847 51.45415 76.30305 26.55918 60.2436 97.355 34.13488
65.49203 53.18356 69.81583 16.42157 65.67854 62.55255 71.28059 45.51697 48.12947 28.27204 89.45716 60.82582 17.33447 91.55798 79.49396 20.38665 85.36555 63.12257 38.40092 0 80.88359 76.66918 31.54324 95.4365 41.26802 61.52136 44.96696 62.59248 21.8664 59.4178 20.07508 49.9585 26.66768 17.08414 47.95188 43.76443 60.61149 55.24808 106.2221 34.22071
16.60219 35.75756 21.78645 76.12104 16.27887 26.73893 11.31341 41.74224 33.09722 100.33 29.2533 75.30173 94.59514 61.28712 8.675307 79.11922 21.36929 64.90932 79.86793 80.88359 0 5.73349 90.83314 15.43255 63.38237 83.12226 36.13283 25.56164 87.99436 31.58732 65.27167 42.42324 59.3099 79.12712 33.04571 71.37733 70.18683 25.88509 28.76001 49.78891
11.46715 34.38406 16.20223 72.79696 11.2007 26.42065 10.89408 36.34077 28.5862 97.10217 26.48175 75.21584 90.87758 64.35839 5.301565 76.05133 18.5403 59.24574 74.30898 76.66918 5.73349 0 88.23271 20.90961 61.80761 77.39582 32.41042 19.84379 84.86754 25.86332 61.84542 36.78455 54.32959 74.16975 28.71912 70.009 64.48056 22.44498 30.83503 44.82659
78.79926 56.00462 86.87044 19.30135 78.82405 66.17885 79.70122 66.80577 62.9575 15.07487 107.5009 39.74251 21.57555 78.9344 92.41798 14.28318 101.6943 91.77575 69.80559 31.54324 90.83314 88.23271 0 102.9332 30.55452 92.60424 56.82527 80.13132 9.82835 79.01612 28.96323 72.61936 52.3737 48.60137 62.03897 26.22873 90.25038 65.94652 119.0646 56.10106
32.03204 46.94144 35.87356 89.4997 31.70434 36.86441 24.21403 57.16871 48.17806 113.4177 36.19285 82.59714 108.4488 60.53429 21.47111 92.08387 29.68135 78.79903 95.21859 95.4365 15.43255 20.90961 102.9332 0 73.99279 97.52763 50.47161 40.60166 100.9892 46.55777 78.88444 57.66947 74.61754 94.40094 47.9878 81.44271 84.38155 40.18993 23.28971 65.09932
54.21076 27.62489 64.39444 25.98131 54.11981 37.22152 52.06954 50.98045 41.77373 43.95848 84.47238 22.02778 44.18894 51.3423 66.57531 24.90904 77.64933 82.5614 70.8129 41.26802 63.38237 61.80761 30.55452 73.99279 0 89.85664 34.52199 58.71537 32.36477 59.59846 22.74017 57.26536 45.37672 53.64068 40.4129 8.475483 83.23059 41.01757 92.12399 43.52368
68.33946 81.15929 61.66102 74.44304 68.75425 84.33976 80.69422 46.60504 60.41619 88.99401 69.70653 111.8697 77.1901 127.2762 76.0571 79.50287 71.54204 19.67588 23.47569 61.52136 83.12226 77.39582 92.60424 97.52763 89.85664 0 65.19805 57.79544 83.21879 51.7885 69.2227 42.6882 44.48582 44.67375 61.77438 96.29276 13.3947 69.63074 93.97405 47.97301
22.0973 15.97385 30.46351 40.47281 22.16235 20.779 26.32446 19.44196 7.30459 64.80182 51.00227 53.56169 58.50867 62.08984 36.02734 43.96887 44.89915 52.87652 52.97093 44.96696 36.13283 32.41042 56.82527 50.47161 34.52199 65.19805 0 24.31575 52.68 25.16645 29.48226 25.16166 27.18953 45.76435 5.893609 42.95693 55.33065 10.29795 62.98255 18.83786
11.00983 35.27483 7.223814 62.43183 11.42751 32.54415 23.62503 18.15992 17.3677 86.41148 27.50204 76.61568 78.44258 76.18291 19.7424 66.56838 22.7731 40.30134 54.86679 62.59248 25.56164 19.84379 80.13132 40.60166 58.71537 57.79544 24.31575 0 74.86494 6.037067 51.58127 17.20781 37.5959 57.09106 18.52589 67.17963 45.12635 19.33112 44.45638 28.6119
74.76575 54.59287 81.83702 12.43366 74.8393 64.83034 77.16087 60.24581 58.13983 12.44371 102.3665 46.09311 13.12326 83.08808 88.69379 8.905824 97.03451 83.27785 60.24135 21.8664 87.99436 84.86754 9.82835 100.9892 32.36477 83.21879 52.68 74.86494 0 73.13119 23.36502 65.7651 44.34663 38.9505 57.41029 30.50381 81.41781 62.42279 115.6107 49.1447
16.71621 38.13041 11.76435 60.73378 17.13601 36.77051 29.30012 13.99792 17.86419 84.31379 30.04207 78.54294 75.76076 80.75857 25.48846 65.13348 26.62368 34.54252 49.17725 59.4178 31.58732 25.86332 79.01612 46.55777 59.59846 51.7885 25.16645 6.037067 73.13119 0 50.13722 11.65583 33.59106 52.63494 19.29651 67.98371 39.20142 22.56362 49.14531 25.19783
51.50406 34.10434 58.50524 11.01152 51.59269 43.9797 54.75869 37.87117 34.77487 35.33349 79.0704 44.13682 29.61316 71.66448 65.49954 15.01123 73.67052 64.90522 48.76777 20.07508 65.27167 61.84542 28.96323 78.88444 22.74017 69.2227 29.48226 51.58127 23.36502 50.13722 0 43.76716 25.47413 30.90058 34.05806 27.53869 64.37521 39.46169 92.46366 27.41668
26.39989 40.6258 23.417 53.636 26.79533 42.12 38.30144 6.28995 18.83775 76.23359 40.45101 77.84775 66.85747 85.86239 36.94667 58.40244 37.93314 27.98168 37.65942 49.9585 42.42324 36.78455 72.61936 57.66947 57.26536 42.6882 25.16166 17.20781 65.7651 11.65583 43.76716 0 23.40344 41.56977 20.35593 65.28698 31.23049 27.25472 60.70059 16.62061
42.86483 41.36557 44.72185 33.09077 43.14433 47.91142 51.57352 19.61828 26.71026 53.79677 63.49426 67.39805 43.79716 86.65599 56.15856 38.19705 60.10315 39.61976 27.01982 26.66768 59.3099 54.32959 52.3737 74.61754 45.37672 44.48582 27.18953 37.5959 44.34663 33.59106 25.47413 23.40344 0 19.8404 27.23411 51.901 38.90162 35.97982 82.01494 9.521199
62.70446 58.04957 64.09993 32.00063 62.98254 65.91693 71.11256 38.93794 46.32404 44.379 82.00759 74.77882 32.6683 100.9736 75.94686 36.64606 79.25775 48.38974 21.36847 17.08414 79.12712 74.16975 48.60137 94.40094 53.64068 44.67375 45.76435 57.09106 38.9505 52.63494 30.90058 41.56977 19.8404 0 46.70501 57.85552 45.03476 55.24915 101.5429 29.34925
17.69362 20.28324 24.90103 45.06118 17.83987 22.69434 24.40767 15.24105 1.555203 69.34193 45.51721 59.32061 62.41232 65.73475 31.77946 48.84426 39.70359 48.32294 51.45415 47.95188 33.04571 28.71912 62.03897 47.9878 40.4129 61.77438 5.893609 18.52589 57.41029 19.29651 34.05806 20.35593 27.23411 46.70501 0 48.84292 51.23176 8.859777 58.73055 17.97977
62.63062 35.67822 72.86876 27.47891 62.53265 44.9301 60.08142 58.9972 50.18762 40.81498 92.92202 17.07218 43.30322 52.87742 74.84276 24.8367 86.05769 89.9917 76.30305 43.76443 71.37733 70.009 26.22873 81.44271 8.475483 96.29276 42.95693 67.17963 30.50381 67.98371 27.53869 65.28698 51.901 57.85552 48.84292 0 90.33536 49.4554 100.1373 50.98198
55.89648 71.23408 48.56826 71.2771 56.31525 73.3469 68.41138 36.03339 49.77683 88.8385 56.39857 104.9903 77.42085 116.9568 62.9173 76.4259 58.14779 6.486044 26.55918 60.61149 70.18683 64.48056 90.25038 84.38155 83.23059 13.3947 55.33065 45.12635 81.41781 39.20142 64.37521 31.23049 38.90162 45.03476 51.23176 90.33536 0 58.48512 80.60905 39.89607
13.22573 15.9516 23.7909 50.38044 13.16493 14.87577 16.10997 23.11152 9.76963 74.66943 43.47347 57.57458 68.71083 58.82942 26.47159 53.60854 36.66841 54.99601 60.2436 55.24808 25.88509 22.44498 65.94652 40.18993 41.01757 69.63074 10.29795 19.33112 62.42279 22.56362 39.46169 27.25472 35.97982 55.24915 8.859777 49.4554 58.48512 0 53.23176 26.81878
41.05043 64.50372 37.47984 103.4544 40.92915 55.4061 40.06231 62.60514 58.31215 127.7821 24.48991 103.532 121.1407 83.82244 26.98053 106.8255 23.13586 74.31612 97.355 106.2221 28.76001 30.83503 119.0646 23.28971 92.12399 93.97405 62.98255 44.45638 115.6107 49.14531 92.46366 60.70059 82.01494 101.5429 58.73055 100.1373 80.60905 53.23176 0 72.85462
33.35974 34.12891 35.81552 37.03622 33.63497 39.56357 42.1718 11.38487 17.32844 59.718 55.23649 65.13079 50.68459 80.15978 46.75965 41.84957 51.32469 39.04593 34.13488 34.22071 49.78891 44.82659 56.10106 65.09932 43.52368 47.97301 18.83786 28.6119 49.1447 25.19783 27.41668 16.62061 9.521199 29.34925 17.97977 50.98198 39.89607 26.81878 72.85462 0
