3

0 62.13156 55.42387 48.50256 63.7486 32.68807 58.41207 26.22208 53.64045 25.73079 39.95756 5.747057 17.69089 66.98288 77.59807 79.2577 35.33161 17.83796 18.18425 49.81951 20.23668 12.87001 49.63007 60.38671 28.8783 55.59806 79.30316 75.46432 31.51253 27.52675 23.4064 73.77905 27.57333 23.22717 26.14725 75.12615 23.95635 42.49734 21.31858 63.7007 44.33981 77.10512 44.46481 44.71852 30.94253 31.61124 65.88146 32.82436 74.04637 12.35407 89.19257 47.30875 26.51913 43.92219 42.32856 50.46565 35.92314 71.1414 18.55948 32.24235 76.01678 85.03589 81.18269 54.36501 71.94853 38.0975 48.31255 49.84912 12.92267 77.06054 20.31466 47.5175 11.39639 54.58989 51.50886 35.92806 43.78119 38.85569 48.56468 49.42192 61.41571 73.39714 53.3667 35.00663 23.1259 55.45153 29.0386 59.0508 25.4188 63.94147 52.19761 35.22393 45.95427 32.57938 70.72981 65.26942 23.15501 37.76032 15.39054 70.15573
62.13156 0 10.69249 38.37566 75.21188 39.03764 21.5242 86.71537 87.74931 87.30391 54.65307 63.35386 46.46307 17.71442 68.37428 17.21674 95.72104 66.04131 73.93763 41.06093 81.6958 50.28879 98.62345 56.11016 59.63197 62.71667 17.74486 77.75781 31.48532 68.86677 75.26644 17.86822 55.73777 67.22745 50.17068 36.48944 38.21966 101.2819 83.22228 30.72996 71.34026 63.89678 66.38311 90.8377 78.96339 75.23927 71.59628 93.6185 15.44311 74.40927 81.63095 105.2803 36.57375 18.357 19.82555 73.10718 46.45352 64.44509 56.32575 38.21208 60.04786 23.48028 64.44789 12.79908 11.62161 83.50057 28.95129 21.06551 51.31575 21.61831 74.9118 65.25569 52.54539 8.636239 102.4835 60.5178 55.11319 38.65799 85.47731 98.96809 79.76661 34.13625 69.53824 90.33451 39.3926 87.38044 33.09909 5.994122 45.03016 8.894949 10.25052 79.22982 71.52038 88.22339 70.88256 69.59884 56.07035 83.77264 76.59233 10.19201
55.42387 10.69249 0 27.72148 78.04988 29.22204 12.3908 80.9463 87.35934 81.05602 55.05554 57.44556 38.662 27.19918 74.29748 26.27742 90.07099 57.20686 65.52543 44.23896 75.48196 42.94707 95.86181 60.33853 57.70828 65.44049 24.4363 82.25608 27.13122 66.11453 71.13869 18.7318 53.69639 63.88361 40.55831 45.47885 31.65422 96.2387 76.73663 38.00188 71.24955 70.24057 55.78234 88.41169 69.49574 65.52237 75.19992 87.78776 18.62346 67.42758 87.84399 100.5273 31.80086 12.46711 15.22346 73.89661 36.07243 69.72896 52.58484 36.51395 66.63664 30.00915 71.38964 2.11007 16.81125 80.92824 18.26641 10.37793 45.91773 32.27201 66.30602 54.58674 46.95773 3.925236 99.39713 50.1652 56.23845 39.02193 84.49941 96.10251 81.68718 43.07574 71.1987 86.02795 33.88711 87.35241 27.12523 4.880943 35.8032 18.68589 6.161104 69.41881 60.94278 83.79603 75.38556 73.317 46.63456 81.10145 70.44628 15.01806
48.50256 38.37566 27.72148 0 93.18725 16.20631 19.27931 74.22289 94.87196 72.77341 67.15201 52.90383 31.6915 54.38497 95.34317 52.04635 83.08135 41.44789 50.66776 62.79102 67.77436 36.43815 96.87511 79.17176 64.25265 81.16063 47.9678 100.4284 35.86512 69.53283 70.26136 37.41132 60.54169 65.9992 23.81996 71.79136 32.12902 90.74825 68.01176 62.72358 80.61473 92.13713 29.63218 90.76827 49.56715 44.60575 91.9964 80.37491 40.05716 57.88562 108.9772 95.67366 37.41012 28.58406 31.01883 85.01063 14.44381 89.86212 55.29552 47.65227 89.05837 52.44427 94.21557 25.61296 40.78188 83.43227 9.527613 17.51164 45.25414 59.9868 50.54974 27.68604 45.46187 30.70001 99.33901 26.45665 69.66668 53.58325 90.77839 96.82279 94.72741 69.39232 84.36768 83.36251 36.63879 95.71981 31.72795 32.41251 23.08397 46.23211 30.98345 47.77762 34.87252 80.94157 93.8642 90.43342 29.50746 83.33149 63.44889 39.32729
63.7486 75.21188 78.04988 93.18725 0 79.43505 89.15269 65.65094 27.19503 69.74717 26.46888 58.6534 68.19403 63.63404 24.02983 84.91665 69.60909 81.28654 81.25714 34.17127 66.74801 65.902 49.70033 20.6256 34.89816 12.61033 89.89927 13.38073 57.33043 38.69981 49.01229 93.07788 36.84797 42.4674 81.54005 53.59305 62.48435 68.22033 69.61171 48.90874 21.10623 27.81704 104.2474 42.83398 94.61182 95.28379 6.496601 69.83533 90.44181 69.62287 29.3071 68.5828 56.19975 68.04671 64.92946 14.92454 87.92856 20.15994 45.58162 45.53687 30.41506 94.53999 32.51587 78.89202 86.27281 40.55367 86.54842 81.64626 55.11692 71.75086 83.50859 106.2306 56.0482 74.42124 54.47848 95.15963 23.56519 40.05658 30.10176 50.64821 8.047283 54.05972 10.3845 56.27553 57.91584 24.60308 61.59819 77.55967 76.85511 69.02554 71.89202 98.96877 107.1183 56.12835 12.89874 8.235764 82.33316 41.36434 64.08022 85.15818
32.68807 39.03764 29.22204 16.20631 79.43505 0 27.50023 58.73766 79.13521 57.64272 53.0237 36.83152 15.51114 51.3572 84.39226 55.49091 67.7367 28.87292 37.77257 51.64678 52.43773 20.31062 80.67198 67.41842 48.75207 67.90817 53.29446 87.81044 23.32209 53.49595 54.06604 45.00986 45.19891 49.88093 11.3926 66.35113 17.03785 75.15203 52.94108 55.90256 65.39111 81.81972 29.72553 74.57803 40.3198 36.304 78.92763 65.10476 46.41922 42.89104 97.81061 79.9936 23.28259 22.87843 23.84856 70.14106 9.430813 78.50036 39.36256 34.35814 79.19309 58.61635 84.51517 27.43139 45.61711 67.26148 16.20388 20.26886 29.14437 59.23178 38.17911 29.97433 29.29253 30.4014 83.16829 22.25523 55.90604 41.1724 74.89707 80.62447 80.246 64.06088 70.11148 67.32541 21.65257 80.11679 18.3328 33.94933 7.735304 44.72782 29.20333 40.23067 34.39061 64.9113 81.52626 77.53794 17.58207 67.15004 47.89551 43.87864
58.41207 21.5242 12.3908 19.27931 89.15269 27.50023 0 84.59113 96.36426 84.04299 65.0621 61.48497 40.76401 39.03395 86.51441 33.03413 93.72577 56.32089 65.27142 55.82247 78.62481 45.54234 102.7203 72.13882 65.95746 76.58609 28.69338 94.04501 34.78035 73.43601 76.95799 18.36313 61.953 70.68412 38.48416 57.59816 36.29315 100.5833 79.46593 50.38919 80.66241 82.54037 48.87898 95.67849 66.74893 62.17348 86.67063 91.23644 20.79131 69.62554 100.0979 105.1735 38.59134 21.29335 24.43858 83.87255 31.37355 81.8062 59.31101 45.68425 78.97458 33.21104 83.75855 10.82942 21.61561 88.15762 11.79793 8.900702 51.07983 42.67361 65.63789 46.95103 51.83475 16.29717 105.8943 44.9336 66.65877 49.4121 93.0745 102.8561 92.2776 55.20645 81.73256 91.38473 39.68364 96.62739 33.02792 15.75467 35.13451 30.27719 18.11366 65.704 54.12262 89.04927 87.2025 84.84623 44.71904 88.23449 73.79481 20.25599
26.22208 86.71537 80.9463 74.22289 65.65094 58.73766 84.59113 0 45.30509 4.559152 49.89117 23.50376 43.91235 88.81996 85.48642 103.5184 9.151077 36.30216 29.15702 65.23358 6.645248 39.07487 30.82894 70.38579 37.01984 62.16424 104.2616 78.91381 55.27307 28.38202 17.25029 99.52419 38.70924 26.1101 50.90268 93.25259 49.30105 16.5742 7.725707 82.34783 44.6304 86.63118 64.3382 29.97432 41.45236 45.21319 69.98387 6.907405 99.52361 16.91193 94.4822 21.62134 50.16012 68.97397 66.98257 50.72734 60.85583 79.34185 32.74543 51.9173 86.77461 110.0251 91.3103 80.04648 97.13032 27.06099 74.51672 75.95964 35.39967 99.22318 30.91175 68.0563 34.18803 79.7281 30.63783 57.27271 53.33935 56.48461 39.99764 30.19029 60.37544 91.94434 56.16934 14.03197 47.37817 48.02244 53.94601 84.24042 51.2515 87.26675 77.17559 46.96291 64.08367 12.32009 76.15043 70.17273 46.41502 26.30364 10.85199 95.35792
53.64045 87.74931 87.35934 94.87196 27.19503 79.13521 96.36426 45.30509 0 49.82533 33.19737 47.89531 64.75476 80.64629 51.13043 100.8701 46.69232 71.13265 68.1339 49.54196 48.55731 60.91169 22.85685 42.99851 30.7543 32.17849 104.5388 39.75465 61.63669 26.44379 32.05797 104.8814 34.6469 30.63127 77.34985 75.40292 62.79544 43.38931 51.22976 67.86093 16.44616 54.50641 97.93877 17.14292 81.92365 84.03494 33.45311 47.66028 103.1047 54.76594 55.60133 42.81055 58.37769 75.4546 72.39938 16.63345 85.84995 46.61902 39.85641 50.89742 56.55515 109.8346 59.33092 87.56894 99.36403 18.28648 90.5285 87.78265 50.36967 90.23299 70.36624 100.7698 50.59242 84.3748 27.51746 89.15938 33.46945 49.09292 5.403636 23.84727 19.45639 75.24091 22.8928 33.02419 58.40148 2.966988 64.21857 88.35866 74.19469 83.73211 81.58091 87.02361 99.59431 33.69865 40.05001 34.74903 76.04272 19.01972 47.67766 97.92273
25.73079 87.30391 81.05602 72.77341 69.74717 57.64272 84.04299 4.559152 49.82533 0 53.03241 23.9839 43.28099 90.29032 89.15629 104.2659 10.56158 33.63602 25.88721 67.81363 5.608144 38.54744 35.1591 73.73942 40.08839 65.82652 104.7046 82.95569 56.03417 31.97345 20.94565 99.4883 41.44504 29.33212 49.16933 95.54302 49.43868 18.96182 4.779414 84.49202 48.67115 90.13094 61.28696 34.52339 37.60039 41.59976 73.92926 7.727292 99.67588 14.89657 98.42871 24.12521 50.91228 69.31732 67.49237 54.83739 59.08258 82.95027 34.8033 53.60726 90.13244 110.4581 94.76162 80.04963 97.45204 31.56205 73.63526 75.54859 36.16203 100.6381 27.47443 65.08732 34.84162 80.05092 34.71081 54.57506 56.57693 58.60935 44.50383 34.48479 64.64245 94.15036 60.12697 18.44998 47.91717 52.52658 54.2983 84.54346 50.02321 88.31005 77.57159 43.11756 60.76032 16.83884 80.01349 74.04959 44.32178 30.81231 10.71653 95.66699
39.95756 54.65307 55.05554 67.15201 26.46888 53.0237 65.0621 49.89117 33.19737 53.03241 0 35.713 41.90566 47.9345 37.74228 67.75298 56.58033 56.61918 58.10254 17.68949 48.62452 39.96564 47.73969 21.00067 12.95308 15.97079 71.34151 36.29535 31.51535 22.07125 32.91216 72.00134 12.5595 23.78126 55.21371 45.92249 36.03535 58.44953 51.35251 36.52561 16.75123 37.73387 78.06039 39.53523 70.72159 70.69389 26.84049 55.77191 70.05936 48.38136 49.28507 60.75963 29.87517 43.78136 40.64213 18.85482 61.46011 31.29324 21.45356 19.73848 37.28335 76.64638 42.14028 55.50888 66.24843 33.25602 61.07263 56.95294 29.5456 57.88115 60.26233 79.91232 30.67408 51.82115 52.28382 68.98788 3.835066 16.12362 31.48635 48.35014 27.64045 45.16859 17.21604 45.70378 31.45529 32.72841 35.4315 55.60353 50.41771 50.56121 49.07913 74.60389 81.1417 44.45069 30.98796 25.87107 56.36643 33.81539 44.65712 64.84208
5.747057 63.35386 57.44556 52.90383 58.6534 36.83152 61.48497 23.50376 47.89531 23.9839 35.713 0 21.39249 66.68055 73.45529 80.28524 32.62598 23.44738 22.66831 47.07049 18.38222 16.53198 44.43182 56.48544 23.96756 51.03522 80.82426 70.6379 32.0514 21.84366 17.94841 76.04527 23.16609 17.54233 31.3023 73.43714 25.8118 39.11073 20.15081 62.11346 38.89332 73.25843 50.19006 39.21945 35.97572 37.01921 61.07004 30.36569 76.01987 13.3754 84.69914 43.69671 26.93039 45.48969 43.56461 45.08744 40.89164 67.00556 14.33651 30.64161 72.40807 86.58464 77.48078 56.56573 73.64875 32.47082 51.9408 52.74062 12.20986 76.94668 24.89922 53.2061 10.86037 56.24245 46.55794 41.60309 39.54725 36.61504 42.81808 44.27757 56.02303 71.83878 48.27223 30.4957 23.96225 49.7191 30.45619 60.75146 29.93796 64.3767 53.71102 40.4946 51.70044 28.08447 66.14149 60.56188 28.72082 32.15996 13.27011 71.87284
17.69089 46.46307 38.662 31.6915 68.19403 15.51114 40.76401 43.91235 64.75476 43.28099 41.90566 21.39249 0 54.33238 76.81796 63.67119 53.02064 20.66612 27.63913 45.22229 37.86564 4.88511 65.19447 59.3174 35.18286 57.66303 62.9634 77.99703 19.28875 38.63725 38.57138 56.60387 32.07197 34.81979 13.3538 65.86905 9.73776 60.11974 38.72592 54.57113 52.04916 75.1061 36.17239 59.23208 35.11174 32.90877 68.67276 50.49567 57.17258 29.01588 89.68044 64.86135 15.84911 28.13875 27.26805 57.33251 21.09529 70.55817 24.96369 26.25287 73.11535 68.61736 78.47804 37.39764 55.42718 51.99051 30.66654 32.30361 14.39069 63.73093 28.82737 38.03668 14.22277 38.36471 67.65784 27.12147 45.28457 33.7599 60.26507 65.1341 67.90739 63.82051 58.2878 51.87889 12.3836 65.9689 14.86497 42.67704 9.443114 49.72872 36.24943 37.14895 39.46669 49.47187 72.21716 67.55655 15.06736 51.8434 33.07939 53.62811
66.98288 17.71442 27.19918 54.38497 63.63404 51.3572 39.03395 88.81996 80.64629 90.29032 47.9345 66.68055 54.33238 0 52.91606 21.31477 97.35115 74.95783 81.67712 31.18468 84.79398 57.0398 95.0747 43.29413 56.35432 51.80388 26.83792 63.84617 35.76004 66.40282 74.84674 33.1232 52.95568 65.85499 61.46615 18.80623 44.79793 101.6569 86.78649 15.21478 64.38133 48.04934 80.50688 86.94289 89.03764 86.05262 59.04755 95.64111 29.51968 79.23029 65.66526 105.038 40.54079 28.47985 27.91335 64.68219 59.98213 49.85605 56.34828 36.9795 44.00636 31.03065 47.96616 29.21188 25.2096 80.09227 44.86584 36.91096 54.57372 10.44874 83.04424 79.9436 56.02815 23.77569 99.38879 73.59607 47.18491 33.92967 79.38201 95.58574 69.382 16.48184 59.92281 89.68098 44.10789 79.72109 39.50422 23.27953 55.73382 8.819934 23.45942 90.22869 85.44123 87.84871 57.13064 56.95458 66.71285 80.52065 79.74587 24.75526
77.59807 68.37428 74.29748 95.34317 24.02983 84.39226 86.51441 85.48642 51.13043 89.15629 37.74228 73.45529 76.81796 52.91606 0 73.50621 90.72792 93.72923 95.77589 32.78244 85.31163 75.95422 73.301 17.53974 50.10307 23.33075 79.61219 14.439 61.07346 57.18289 68.2616 85.58572 50.29559 60.0852 89.48534 37.56375 68.84404 90.45471 88.13072 37.94193 41.84052 5.412634 112.4449 66.03912 108.1297 107.7198 17.67736 90.52761 82.22859 86.01016 13.66468 91.36229 61.98394 67.29498 64.53404 36.80928 93.67572 6.456888 59.17631 50.8106 9.526247 83.26922 8.978539 75.6916 77.898 62.70936 87.14166 80.65415 66.41119 58.36768 97.91169 113.6489 67.6987 70.38198 78.12431 103.5992 33.90821 43.47966 53.60467 74.21687 32.0392 38.9255 30.31797 78.00929 64.81476 48.60654 66.14081 72.33197 83.98767 60.42684 68.40084 111.7468 116.1471 77.47514 11.13761 16.5148 91.84692 63.48908 81.77983 77.21398
79.2577 17.21674 26.27742 52.04635 84.91665 55.49091 33.03413 103.5184 100.8701 104.2659 67.75298 80.28524 63.67119 21.31477 73.50621 0 112.4531 83.09083 91.09977 51.91377 98.66007 67.50126 113.6653 64.60887 74.53185 72.9717 7.04468 84.98885 48.2602 84.19484 91.36915 18.06633 70.80187 82.95459 66.79883 36.86179 55.39248 117.727 100.2585 36.41766 84.45697 68.4305 81.27419 105.6898 95.71525 91.79467 80.36126 110.4258 14.02078 91.56189 85.746 121.5636 53.38174 35.57336 36.93118 85.29666 62.14352 70.87683 72.41418 53.56296 64.29297 9.787279 67.74205 28.14467 11.53276 98.5328 43.27022 36.07252 68.15799 15.85933 92.0344 79.67129 69.43773 25.48572 117.7364 76.2171 67.48442 52.50549 99.18075 114.0844 90.51771 35.02399 80.85533 106.4394 56.36727 100.1484 50.22146 21.5626 61.88452 17.30297 27.427 95.69621 86.49722 104.4061 78.33081 78.26722 72.826 98.87421 93.54945 12.77862
35.33161 95.72104 90.07099 83.08135 69.60909 67.7367 93.72577 9.151077 46.69232 10.56158 56.58033 32.62598 53.02064 97.35115 90.72792 112.4531 0 44.19058 36.28154 72.69378 15.31502 48.19599 28.31215 76.48311 44.01009 67.581 113.3055 82.9867 64.24911 34.55792 23.73873 108.6633 46.17759 33.09529 59.58811 100.9871 58.43418 8.594221 15.30325 90.278 49.08174 92.30614 71.70759 29.95302 47.34908 51.63814 74.47422 2.86316 108.6371 25.32933 98.82364 13.73038 59.14848 78.06028 76.0275 54.80405 69.52284 84.78014 41.04179 60.37721 92.77726 119.0699 97.08093 89.18449 106.2092 29.32245 83.5875 85.10543 44.42104 107.7811 37.75398 75.54124 43.24409 88.81347 26.7187 65.11433 59.81077 64.53145 41.70983 27.46447 63.5895 99.78131 60.75037 13.69363 56.43716 49.58635 63.04127 93.32834 60.19477 96.07198 86.24452 52.83911 71.01287 13.48732 80.87163 74.89163 54.84322 28.50782 19.94135 104.4404
17.83796 66.04131 57.20686 41.44789 81.28654 28.87292 56.32089 36.30216 71.13265 33.63602 56.61918 23.44738 20.66612 74.95783 93.72923 83.09083 44.19058 0 9.220041 63.85753 29.69046 18.9288 64.5933 76.26084 46.3987 72.51896 81.61237 92.65178 39.84751 45.28804 39.83417 73.83808 44.65214 40.98746 17.9812 86.29405 30.36246 52.5524 28.96018 74.91785 62.16088 92.72371 28.32347 60.79841 14.81193 14.07832 83.08007 41.33971 75.07626 19.52829 105.8457 57.70184 35.92171 48.0323 47.56304 68.25303 27.05453 87.30499 35.73782 45.02295 91.21036 87.08719 96.50363 55.62655 73.94579 54.76065 44.75928 49.03474 27.31812 84.21853 9.318003 31.88621 26.04634 57.60561 65.64266 20.97645 60.37158 52.38031 65.94971 64.21427 79.20433 84.29769 70.92777 48.49022 32.24167 73.06031 35.53028 61.64706 21.51481 70.04663 55.80285 18.02111 28.8951 46.1646 87.60174 82.33313 11.95296 54.321 26.85069 72.16989
18.18425 73.93763 65.52543 50.66776 81.25714 37.77257 65.27142 29.15702 68.1339 25.88721 58.10254 22.66831 27.63913 81.67712 95.77589 91.09977 36.28154 9.220041 0 67.58381 22.82196 24.65246 58.93976 78.56821 46.63479 73.63266 89.9615 93.30611 46.02326 43.51479 36.11728 82.5688 45.64671 39.33203 27.12658 91.73304 36.89959 44.8114 21.48603 80.28339 61.13479 95.27749 35.42608 56.09745 13.80172 16.38869 83.73718 33.41966 83.64749 13.65461 107.2744 49.97485 41.58722 55.69723 54.90716 67.42372 36.27162 89.31902 36.65893 49.34461 94.13779 95.50939 99.32602 64.03798 82.32566 50.78004 53.80382 57.75894 30.34071 91.27029 2.271098 39.27057 28.87109 65.65358 59.44512 29.16773 61.93195 56.36005 62.79659 58.45153 78.2955 89.85697 70.88621 42.32568 37.89348 70.32598 42.22763 69.82462 30.22337 77.35728 63.6904 18.93631 34.93224 40.13713 88.75588 83.21302 21.16765 50.23758 21.22841 80.53752
49.81951 41.06093 44.23896 62.79102 34.17127 51.64678 55.82247 65.23358 49.54196 67.81363 17.68949 47.07049 45.22229 31.18468 32.78244 51.91377 72.69378 63.85753 67.58381 0 62.86734 45.1898 65.42004 16.49973 28.82959 21.65649 56.31666 38.2813 28.35513 38.84037 49.00849 58.91982 26.55236 39.62124 57.31565 28.51138 36.57457 75.35844 65.38391 18.84333 33.44074 30.25256 80.10184 57.21444 78.63166 77.43742 30.96443 71.56216 56.35808 60.43295 46.31151 77.97912 29.73569 35.36932 32.41575 33.49966 60.97177 27.08942 33.37872 19.01288 27.95089 61.26304 33.32005 45.25652 52.23898 50.91454 54.94106 49.01361 37.24327 40.70079 69.51935 81.11373 38.716 40.50222 69.97322 71.4075 16.2124 11.52121 48.57711 66.0369 38.88107 27.59479 28.96537 62.73424 32.89237 48.54781 33.47603 43.45506 51.64957 35.29246 38.08794 81.60838 84.02517 61.28639 31.49111 29.07937 60.26169 51.45685 58.32707 51.06783
20.23668 81.6958 75.48196 67.77436 66.74801 52.43773 78.62481 6.645248 48.55731 5.608144 48.62452 18.38222 37.86564 84.79398 85.31163 98.66007 15.31502 29.69046 22.82196 62.86734 0 33.09146 36.36118 69.50241 35.68273 62.02887 99.10112 79.79586 50.43362 28.32478 17.76816 93.9413 36.71502 25.23076 44.34765 90.37771 43.85194 23.16757 2.864347 79.25747 45.65125 86.04454 57.80498 34.43753 35.58901 39.06608 70.59359 12.67069 94.09883 10.26673 95.04187 28.24598 45.31247 63.71693 61.88474 51.93721 54.29587 79.02702 29.64185 48.21066 85.86842 104.8554 90.60528 74.49193 91.85633 30.34469 68.34014 70.08485 30.57102 95.12437 24.68793 61.49282 29.24194 74.45339 36.64347 50.65148 52.2592 53.39925 43.16246 35.81332 62.11865 88.94005 56.86608 19.59336 42.30919 51.11066 48.695 78.94807 44.88159 82.73032 71.96886 41.0633 57.67911 17.50829 76.50667 70.5836 39.7859 29.66455 5.112124 90.07221
12.87001 50.28879 42.94707 36.43815 65.902 20.31062 45.54234 39.07487 60.91169 38.54744 39.96564 16.53198 4.88511 57.0398 75.95422 67.50126 48.19599 18.9288 24.65246 45.1898 33.09146 0 60.52672 58.41468 32.04545 55.89748 67.09706 76.24917 21.37728 34.59261 33.88751 61.10555 29.2644 30.63538 16.46901 67.48132 12.35454 55.2456 34.04385 56.07283 48.85418 74.57406 38.42366 54.72334 33.72561 32.24927 66.80435 45.69421 61.53255 24.49745 88.52795 59.97886 17.10061 31.93568 30.73619 54.37697 25.18762 69.60409 21.45377 26.22946 72.82943 72.7896 78.16398 41.77951 59.62917 47.56207 35.54663 37.00148 10.97412 66.71848 26.11371 40.67525 10.41323 42.40438 62.90566 29.34343 43.51764 33.67195 56.28197 60.44352 65.11407 65.52638 55.80473 47.02685 13.39703 62.25647 17.69858 46.79343 13.72775 52.99116 40.16009 36.43036 41.22856 44.61641 70.71266 65.81176 16.43552 47.38233 28.2574 57.83055
49.63007 98.62345 95.86181 96.87511 49.70033 80.67198 102.7203 30.82894 22.85685 35.1591 47.73969 44.43182 65.19447 95.0747 73.301 113.6653 28.31215 64.5933 58.93976 65.42004 36.36118 60.52672 0 62.9423 39.13771 52.38869 116.2117 62.54238 68.75728 29.81276 26.63961 114.3801 42.93145 32.07481 75.70936 93.29491 66.65138 22.52978 38.32674 84.26227 33.41417 76.23399 92.87711 8.205769 71.95015 75.30569 55.7166 30.21971 113.3345 45.47905 78.43595 20.70086 64.34441 83.41063 80.67417 36.8928 85.31796 68.31557 43.45894 60.41779 77.83961 121.821 81.11398 95.57998 110.0771 15.14196 94.68092 93.82556 52.09227 105.2724 60.92134 96.30233 51.63656 93.55071 4.846661 84.93572 49.56198 61.34271 19.69642 1.024035 42.20718 92.72124 43.57465 16.83422 63.03824 25.7466 69.7186 97.91545 74.20256 96.38916 90.75059 77.42056 93.34713 18.85499 62.37642 56.78826 72.64315 14.85099 37.89904 108.4542
60.38671 56.11016 60.33853 79.17176 20.6256 67.41842 72.13882 70.38579 42.99851 73.73942 21.00067 56.48544 59.3174 43.29413 17.53974 64.60887 76.48311 76.26084 78.56821 16.49973 69.50241 58.41468 62.9423 0 33.8445 10.82109 69.85976 21.91986 44.13133 42.07375 53.18602 73.90746 33.47203 44.40825 72.07666 33.27551 51.51995 77.337 72.25982 28.36675 29.60755 16.77594 95.06997 55.02644 90.73008 90.22531 15.76136 75.94158 71.00161 69.3321 30.49075 78.95904 44.68167 51.8616 48.91537 26.53138 76.60138 11.24396 42.15022 33.45064 16.39434 74.30714 21.14193 61.47193 66.74667 50.27904 71.42904 65.49101 48.94863 51.14813 80.67332 96.37527 50.26062 56.52124 67.76304 86.17956 17.26607 26.27145 43.84867 63.74457 27.34985 33.57508 20.10768 64.59888 47.39962 41.15044 49.09336 59.14746 66.65014 49.25335 54.22925 94.27018 98.69777 63.70085 15.06381 13.68037 74.33006 50.98785 65.63188 65.76457
28.8783 59.63197 57.70828 64.25265 34.89816 48.75207 65.95746 37.01984 30.7543 40.08839 12.95308 23.96756 35.18286 56.35432 50.10307 74.53185 44.01009 46.3987 46.63479 28.82959 35.68273 32.04545 39.13771 33.8445 0 27.21677 77.13427 46.67218 31.1841 10.1638 20.27174 75.87744 4.020545 10.95266 48.35421 57.30808 32.12661 46.55307 38.42398 47.04098 16.86677 50.47925 70.3745 31.22992 59.79843 60.38568 37.10254 43.04865 74.56797 35.96448 60.86182 49.33545 27.65988 45.45534 42.51539 22.35755 56.06296 43.71254 10.82376 21.46685 50.19129 82.71666 54.97496 57.68873 71.16393 24.00118 59.77907 57.25785 21.07311 66.69947 48.86069 72.71769 21.73973 55.06714 43.23205 61.32342 16.58363 22.42793 27.13491 39.55291 33.18994 56.27176 24.53025 34.00386 27.67631 31.47199 33.48716 59.30681 44.46983 57.26619 52.24989 64.08184 72.85593 32.48068 42.25634 36.61457 48.24136 24.34836 31.80431 69.58174
55.59806 62.71667 65.44049 81.16063 12.61033 67.90817 76.58609 62.16424 32.17849 65.82652 15.97079 51.03522 57.66303 51.80388 23.33075 72.9717 67.581 72.51896 73.63266 21.65649 62.02887 55.89748 52.38869 10.82109 27.21677 0 77.72427 20.35654 45.31848 33.85313 44.93294 80.57247 28.02557 36.82584 70.89818 43.68739 51.15765 67.76758 64.85807 37.52871 19.33544 24.77186 93.83425 44.58872 86.48536 86.59726 11.05547 67.28946 78.00565 63.16284 33.66705 69.06954 44.63013 55.53568 52.43108 15.74033 76.66575 17.21168 37.04057 33.6513 25.70245 82.50116 29.60174 66.29135 73.86935 40.28824 74.25644 69.16803 45.51478 60.42482 75.82773 95.56653 46.63081 61.81145 57.22577 84.78211 12.39192 27.7121 33.11565 53.21717 17.58588 43.78147 9.292423 55.14877 46.68221 30.36257 49.80379 64.96906 65.91033 56.76006 59.28225 90.47294 97.01782 54.46172 15.13175 9.914667 72.26847 41.03141 58.60851 72.71655
79.30316 17.74486 24.4363 47.9678 89.89927 53.29446 28.69338 104.2616 104.5388 104.7046 71.34151 80.82426 62.9634 26.83792 79.61219 7.04468 113.3055 81.61237 89.9615 56.31666 99.10112 67.09706 116.2117 69.85976 77.13427 77.72427 0 90.67166 49.14493 86.50632 93.01116 11.82027 73.28576 84.94378 64.68652 43.46749 55.35118 118.9785 100.5278 42.04984 88.09267 74.62915 77.52241 108.3639 93.60197 89.42215 85.61441 111.1556 8.145985 91.47362 92.085 123.0075 54.20138 35.39923 37.27973 89.35865 59.143 76.69188 74.06988 55.80438 70.52402 5.764641 74.15441 25.98991 7.680769 101.0748 39.74817 33.22109 68.88483 22.71739 90.73562 75.64441 70.07375 24.71963 120.1279 73.08375 71.4019 55.64311 102.5448 116.5767 95.16142 41.53118 85.25703 108.0785 56.88442 103.9859 50.40632 20.30409 60.15445 21.02957 27.13414 93.1948 82.7656 105.9638 83.93397 83.53982 70.84478 101.3667 94.01317 9.443784
75.46432 77.75781 82.25608 100.4284 13.38073 87.81044 94.04501 78.91381 39.75465 82.95569 36.29535 70.6379 77.99703 63.84617 14.439 84.98885 82.9867 92.65178 93.30611 38.2813 79.79586 76.24917 62.54238 21.91986 46.67218 20.35654 90.67166 0 64.83864 51.56552 62.1252 95.45289 48.01018 55.14156 91.20087 50.42459 71.25645 81.54562 82.65971 48.63282 34.28906 19.58757 114.162 55.96181 106.4065 106.7227 9.583431 83.1927 92.39607 82.15883 15.98859 81.79251 64.60858 73.61592 70.62046 28.24018 96.72433 14.29144 56.98452 53.45235 23.33792 94.7705 23.37959 83.39058 88.09952 53.92144 92.9985 87.27963 65.80655 70.50278 95.53287 115.8432 66.88777 78.4327 67.25596 105.1185 32.74776 46.90165 43.14645 63.5138 20.33592 51.46174 22.94211 69.65253 66.84561 36.97134 69.55124 80.99331 86.1368 70.52028 76.14904 110.5392 117.3725 69.50754 6.886851 10.44434 92.62496 54.7332 76.92659 87.21301
31.51253 31.48532 27.13122 35.86512 57.33043 23.32209 34.78035 55.27307 61.63669 56.03417 31.51535 32.0514 19.28875 35.76004 61.07346 48.2602 64.24911 39.84751 46.02326 28.35513 50.43362 21.37728 68.75728 44.13133 31.1841 45.31848 49.14493 64.83864 0 39.07269 44.15692 45.77284 27.17529 36.75317 29.59016 46.59135 9.562915 69.83813 52.11737 35.33576 46.18378 58.58113 51.9772 61.3902 54.39656 52.10911 56.21104 62.17997 45.08776 43.85794 74.49158 73.91889 5.12311 14.66518 12.08154 49.90525 32.6176 55.18375 25.4631 11.82573 56.07757 54.90595 61.4267 26.82874 42.26508 53.88578 29.58054 26.14603 19.89803 45.64543 47.48384 52.82152 21.1926 25.09448 72.26615 43.49497 33.84646 17.96796 58.29419 68.98526 59.15551 44.53287 48.69533 59.14908 8.40491 61.99833 5.189892 29.57798 23.73332 32.45272 22.36928 56.35088 56.11771 56.97336 58.42167 54.7043 33.46118 54.03443 45.3215 40.53694
27.52675 68.86677 66.11453 69.53283 38.69981 53.49595 73.43601 28.38202 26.44379 31.97345 22.07125 21.84366 38.63725 66.40282 57.18289 84.19484 34.55792 45.28804 43.51479 38.84037 28.32478 34.59261 29.81276 42.07375 10.1638 33.85313 86.50632 51.56552 39.07269 0 11.13503 84.5833 13.4741 4.30148 50.97464 67.34985 37.98089 36.53457 31.17981 57.18404 17.83553 58.24917 71.55984 22.31781 57.2255 58.70812 42.29004 33.88584 83.52268 31.1179 66.71923 39.19389 34.8597 53.68719 50.90544 24.19335 59.68968 50.98962 14.34303 30.71188 58.44284 92.14859 62.93392 65.89509 80.28577 14.81607 66.17213 64.58514 24.3784 76.77714 45.78576 74.34268 24.41451 63.74809 33.6218 62.73824 25.25308 32.48223 21.69245 30.11877 34.90367 66.3629 28.62485 23.89758 33.97097 28.04123 40.43793 68.10456 48.06889 66.99489 60.94515 62.01683 73.36879 22.47378 48.18503 42.25881 49.60803 14.99385 25.38634 78.65457
23.4064 75.26644 71.13869 70.26136 49.01229 54.06604 76.95799 17.25029 32.05797 20.94565 32.91216 17.94841 38.57138 74.84674 68.2616 91.36915 23.73873 39.83417 36.11728 49.00849 17.76816 33.88751 26.63961 53.18602 20.27174 44.93294 93.01116 62.1252 44.15692 11.13503 0 89.85551 22.59072 9.388756 49.23638 77.39165 40.67084 26.837 20.62587 66.84793 27.90674 69.38268 67.60927 21.31221 49.88825 52.18363 53.01957 22.86145 89.24397 22.71082 77.5114 30.26637 39.34123 58.71188 56.23825 34.17475 58.74301 62.09816 18.96531 38.07143 69.56445 98.74157 74.06882 70.61521 86.34727 14.92648 68.37465 68.0659 25.90349 85.29251 38.33644 70.7987 25.27677 69.25122 29.17377 59.25354 36.24655 41.35509 26.69615 26.56315 44.38218 76.25502 39.23622 15.07778 37.47071 34.34969 44.27266 73.73268 47.56682 74.46744 66.52138 55.04016 68.68202 13.05881 59.07074 53.11045 46.56134 14.49907 15.81028 84.64046
73.77905 17.86822 18.7318 37.41132 93.07788 45.00986 18.36313 99.52419 104.8814 99.4883 72.00134 76.04527 56.60387 33.1232 85.58572 18.06633 108.6633 73.83808 82.5688 58.91982 93.9413 61.10555 114.3801 73.90746 75.87744 80.57247 11.82027 95.45289 45.77284 84.5833 89.85551 0 71.89392 82.48665 56.28387 51.41583 50.23379 114.9322 95.08972 47.65886 88.56059 80.90856 67.03419 106.8271 84.88277 80.41032 89.44205 106.3376 4.109975 85.58668 98.60907 119.2461 50.51428 31.14681 33.737 90.63768 49.67802 81.95078 71.23431 54.46042 76.94111 15.21637 81.05133 19.47954 8.033045 99.37546 30.05501 24.81361 64.62682 32.11497 83.11362 64.89786 65.64398 20.84053 117.9934 63.29671 72.68744 55.89266 102.3281 114.6467 97.55712 49.24197 87.27148 104.7581 52.61044 104.6608 45.83435 16.58415 52.36483 25.15892 23.6513 84.00001 72.2697 102.5277 88.59235 87.43629 62.52483 99.57673 88.94233 8.391485
27.57333 55.73777 53.69639 60.54169 36.84797 45.19891 61.953 38.70924 34.6469 41.44504 12.5595 23.16609 32.07197 52.95568 50.29559 70.80187 46.17759 44.65214 45.64671 26.55236 36.71502 29.2644 42.93145 33.47203 4.020545 28.02557 73.28576 48.01018 27.17529 13.4741 22.59072 71.89392 0 13.23501 45.35967 54.82206 28.42054 49.27679 39.35525 44.26856 20.19792 50.23916 67.68735 35.09996 58.46908 58.7168 38.43299 45.01036 70.6191 35.86015 61.63252 52.3047 23.7311 41.43554 38.49911 25.26293 52.74909 43.84948 9.015013 17.53501 49.61983 78.88959 54.57554 53.66973 67.24669 27.79103 55.88913 53.26702 18.34669 63.34767 47.82794 69.88983 19.21345 51.07514 46.93608 58.60779 16.38966 19.07004 31.12597 43.31519 35.8782 53.66553 26.61578 36.92528 23.91135 35.2615 29.572 55.32974 41.22832 53.56887 48.25828 62.53118 70.36852 35.25244 43.1572 37.73778 45.62998 28.09804 32.47934 65.65359
23.22717 67.22745 63.88361 65.9992 42.4674 49.88093 70.68412 26.1101 30.63127 29.33212 23.78126 17.54233 34.81979 65.85499 60.0852 82.95459 33.09529 40.98746 39.33203 39.62124 25.23076 30.63538 32.07481 44.40825 10.95266 36.82584 84.94378 55.14156 36.75317 4.30148 9.388756 82.48665 13.23501 0 46.93732 68.00701 34.82249 36.05603 28.04556 57.50336 21.85018 60.85326 67.32176 25.0724 53.00938 54.43078 45.75527 32.09674 81.60904 27.16903 70.0666 39.20144 32.27243 51.41833 48.74967 28.18307 55.79838 53.79637 11.38532 29.4117 60.80061 90.63384 65.45281 63.54672 78.51393 17.58575 63.00342 61.79792 20.74573 76.28531 41.60293 70.13895 20.63386 61.70422 35.51394 58.52811 27.2609 32.15238 25.76766 32.26258 38.98995 66.8827 32.25497 23.82978 31.02965 32.29692 37.66258 66.1234 44.21875 65.88581 58.92424 57.76453 69.08956 22.06604 51.46366 45.59767 45.41604 17.59533 21.85514 76.84696
26.14725 50.17068 40.55831 23.81996 81.54005 11.3926 38.48416 50.90268 77.34985 49.16933 55.21371 31.3023 13.3538 61.46615 89.48534 66.79883 59.58811 17.9812 27.12658 57.31565 44.34765 16.46901 75.70936 72.07666 48.35421 70.89818 64.68652 91.20087 29.59016 50.97464 49.23638 56.28387 45.35967 46.93732 0 75.27247 20.74115 67.47666 44.39228 64.36101 65.20872 87.48713 23.01817 70.43465 28.94221 25.07002 81.92917 56.83448 57.78462 34.27836 102.538 72.49313 27.59153 33.18977 33.56525 70.59966 9.95409 83.31492 37.8878 38.67713 85.25837 70.00497 90.62658 38.7996 57.00863 63.47609 26.82846 31.62587 27.32891 69.85264 27.27499 24.6995 26.87313 41.5499 77.65611 14.11675 58.54206 46.07699 72.66442 75.52864 81.22468 73.06922 71.64081 61.06119 24.67775 78.72106 24.44376 45.23843 5.927072 55.37483 40.15514 29.09532 26.71246 58.63665 85.31781 80.77066 6.244706 63.23376 40.29775 55.26824
75.12615 36.48944 45.47885 71.79136 53.59305 66.35113 57.59816 93.25259 75.40292 95.54302 45.92249 73.43714 65.86905 18.80623 37.56375 36.86179 100.9871 86.29405 91.73304 28.51138 90.37771 67.48132 93.29491 33.27551 57.30808 43.68739 43.46749 50.42459 46.59135 67.34985 77.39165 51.41583 54.82206 68.00701 75.27247 0 56.15417 103.8568 92.74307 11.45363 60.32472 32.25981 96.0481 85.11159 100.9479 98.68468 47.91459 99.7346 47.59947 86.70963 49.10257 106.4852 50.39069 44.08069 42.56803 58.77462 75.50953 36.15934 60.75005 42.91642 28.08267 46.43814 31.03153 47.39461 43.39224 79.1361 62.39085 54.60485 62.20524 21.1694 93.4045 95.95746 63.73133 41.81171 97.95481 88.42187 43.74911 36.9912 75.39805 93.97097 60.61683 2.40855 52.83949 91.24518 54.08803 73.85234 51.34444 41.89329 69.35566 27.60186 40.95632 102.925 100.7362 89.78364 44.30412 45.82714 79.79884 79.71489 85.61051 43.16966
23.95635 38.21966 31.65422 32.12902 62.48435 17.03785 36.29315 49.30105 62.79544 49.43868 36.03535 25.8118 9.73776 44.79793 68.84404 55.39248 58.43418 30.36246 36.89959 36.57457 43.85194 12.35454 66.65138 51.51995 32.12661 51.15765 55.35118 71.25645 9.562915 37.98089 40.67084 50.23379 28.42054 34.82249 20.74115 56.15417 0 64.77938 45.19134 44.88644 48.54534 66.75757 43.60891 59.89177 44.84914 42.55583 62.20782 56.13486 50.25692 36.19336 82.01023 69.20599 6.86513 19.96612 18.49272 53.15352 25.50956 62.73472 23.63896 18.07042 64.51911 61.08863 69.88766 30.75434 48.02899 52.40713 28.19936 27.41 14.78828 54.38758 38.24646 44.85876 15.59902 30.64635 69.68266 34.84056 39.01415 25.37799 58.8266 66.74037 63.20937 54.09375 53.08272 55.13747 4.615737 63.5975 5.344986 35.12223 15.14365 40.64087 28.24151 46.7979 47.45213 52.82196 65.14425 60.89946 24.08209 52.4116 38.80109 46.2403
42.49734 101.2819 96.2387 90.74825 68.22033 75.15203 100.5833 16.5742 43.38931 18.96182 58.44953 39.11073 60.11974 101.6569 90.45471 117.727 8.594221 52.5524 44.8114 75.35844 23.16757 55.2456 22.52978 77.337 46.55307 67.76758 118.9785 81.54562 69.83813 36.53457 26.837 114.9322 49.27679 36.05603 67.47666 103.8568 64.77938 0 23.59222 93.52042 48.63665 92.51175 80.23165 26.24652 55.92882 60.23231 73.56338 11.42819 114.6856 33.39789 97.51916 5.164656 64.81175 84.02332 81.80845 53.82022 77.42995 84.78164 45.47052 64.78583 93.36472 124.7369 97.36149 95.47624 112.0601 27.78557 90.78384 91.85125 50.32673 112.105 46.32022 84.04431 49.28825 94.73835 19.88838 73.51374 61.35286 68.17517 38.8881 21.5646 61.5666 102.8198 60.1542 12.77887 62.37906 46.35245 69.11412 99.25494 67.73279 101.0189 92.09552 61.41305 79.59215 14.07315 80.12777 74.21621 62.94672 26.99295 27.30061 110.3134
21.31858 83.22228 76.73663 68.01176 69.61171 52.94108 79.46593 7.725707 51.22976 4.779414 51.35251 20.15081 38.72592 86.78649 88.13072 100.2585 15.30325 28.96018 21.48603 65.38391 2.864347 34.04385 38.32674 72.25982 38.42398 64.85807 100.5278 82.65971 52.11737 31.17981 20.62587 95.08972 39.35525 28.04556 44.39228 92.74307 45.19134 23.59222 0 81.57209 48.51413 88.82704 56.78413 36.81124 33.75584 37.48812 73.45382 12.48993 95.35997 10.12694 97.89853 28.74296 47.00876 65.1286 63.39692 54.79777 54.30362 81.8368 32.07228 50.38294 88.61526 106.272 93.37378 75.68334 93.21904 32.97931 68.97135 71.02309 32.35416 97.07832 23.20112 60.54633 30.97354 75.83598 38.32323 49.92464 55.00661 55.75206 45.84285 37.7306 64.96201 91.27075 59.72919 21.49382 43.89542 53.81193 50.14804 80.31331 45.30169 84.50525 73.39773 39.26131 56.41759 19.55277 79.35817 73.43809 39.55031 32.28316 7.138771 91.42917
63.7007 30.72996 38.00188 62.72358 48.90874 55.90256 50.38919 82.34783 67.86093 84.49202 36.52561 62.11346 54.57113 15.21478 37.94193 36.41766 90.278 74.91785 80.28339 18.84333 79.25747 56.07283 84.26227 28.36675 47.04098 37.52871 42.04984 48.63282 35.33576 57.18404 66.84793 47.65886 44.26856 57.50336 64.36101 11.45363 44.88644 93.52042 81.57209 0 52.05471 33.26453 85.62235 76.05685 89.60574 87.44202 44.05387 88.9202 44.2885 75.34743 50.98711 96.37483 38.99828 34.34547 32.43797 51.45048 65.20245 34.65857 49.69458 31.52614 29.34865 46.18036 33.72765 39.70072 39.95815 69.70515 53.56271 46.09854 50.78377 22.90565 81.96199 85.75488 52.30932 34.11936 88.80647 77.75226 34.93044 25.88605 67.22652 84.87575 55.07127 9.725426 46.1362 81.04139 42.68829 66.63435 40.19687 35.24951 58.43408 22.50875 32.69533 91.68404 90.18838 79.46679 41.93026 41.94891 68.69453 70.23194 74.43379 39.27931
44.33981 71.34026 71.24955 80.61473 21.10623 65.39111 80.66241 44.6304 16.44616 48.67115 16.75123 38.89332 52.04916 64.38133 41.84052 84.45697 49.08174 62.16088 61.13479 33.44074 45.65125 48.85418 33.41417 29.60755 16.86677 19.33544 88.09267 34.28906 46.18378 17.83553 27.90674 88.56059 20.19792 21.85018 65.20872 60.32472 48.54534 48.63665 48.51413 52.05471 0 43.93458 87.06891 25.42772 74.74321 75.90415 25.43462 49.09253 86.71782 48.94867 49.89427 49.76778 43.42359 59.55159 56.45534 6.359326 72.89154 36.15706 27.44763 34.99057 45.03633 93.39253 48.80437 71.55251 82.94908 20.98942 75.54158 72.24166 37.8977 74.11594 63.40386 89.49747 38.48642 68.16684 38.2103 78.04797 17.23863 32.70047 15.17285 34.1888 17.16237 59.93879 11.66869 36.17375 43.98757 16.11516 49.26072 72.07841 61.31987 67.29646 65.3888 79.37706 89.38052 35.71085 31.7899 25.81077 64.91993 21.74669 43.10535 81.52118
77.10512 63.89678 70.24057 92.13713 27.81704 81.81972 82.54037 86.63118 54.50641 90.13094 37.73387 73.25843 75.1061 48.04934 5.412634 68.4305 92.30614 92.72371 95.27749 30.25256 86.04454 74.57406 76.23399 16.77594 50.47925 24.77186 74.62915 19.58757 58.58113 58.24917 69.38268 80.90856 50.23916 60.85326 87.48713 32.25981 66.75757 92.51175 88.82704 33.26453 43.93458 0 110.3347 68.7388 107.2883 106.6112 21.32447 91.94363 77.47591 86.09821 17.73457 93.69137 59.89778 63.83097 61.17461 39.40842 91.17994 7.921124 58.92231 48.89146 4.177814 78.17372 4.887672 71.71167 73.14701 64.92242 83.71332 77.00157 65.4642 53.16996 97.36691 111.3658 66.81319 66.31608 81.0769 101.5964 33.95681 41.42607 56.5826 77.12042 35.85993 33.68931 32.76052 79.91638 62.91215 52.11705 63.72001 68.06059 81.86946 55.77096 64.44589 110.6983 114.1978 79.2301 15.26649 19.80181 90.17278 65.68127 82.28307 72.522
44.46481 66.38311 55.78234 29.63218 104.2474 29.72553 48.87898 64.3382 97.93877 61.28696 78.06039 50.19006 36.17239 80.50688 112.4449 81.27419 71.70759 28.32347 35.42608 80.10184 57.80498 38.42366 92.87711 95.06997 70.3745 93.83425 77.52241 114.162 51.9772 71.55984 67.60927 67.03419 67.68735 67.32176 23.01817 96.0481 43.60891 80.23165 56.78413 85.62235 87.06891 110.3347 0 88.81043 26.95489 21.60312 104.8448 68.84574 69.66997 47.78295 125.5428 85.39595 50.47363 52.23121 53.49099 92.73173 20.5808 106.3027 59.63143 61.63893 107.9904 82.07281 113.3512 53.71857 70.21231 82.46685 38.00443 45.46794 49.36362 87.59222 34.03733 4.068658 48.63476 58.00689 93.9653 9.0886 81.45695 68.98688 92.95386 92.51444 103.5164 93.74459 94.20988 76.80844 47.67483 99.60009 46.78834 60.65507 28.4712 73.24166 57.46256 22.8369 5.243895 74.48728 108.3227 103.7239 22.14899 82.08763 55.17164 68.68644
44.71852 90.8377 88.41169 90.76827 42.83398 74.57803 95.67849 29.97432 17.14292 34.52339 39.53523 39.21945 59.23208 86.94289 66.03912 105.6898 29.95302 60.79841 56.09745 57.21444 34.43753 54.72334 8.205769 55.02644 31.22992 44.58872 108.3639 55.96181 61.3902 22.31781 21.31221 106.8271 35.09996 25.0724 70.43465 85.11159 59.89177 26.24652 36.81124 76.05685 25.42772 68.7388 88.81043 0 69.57182 72.45105 48.61209 31.21777 105.6709 42.44461 71.94079 25.88002 57.14171 75.99638 73.19424 29.3318 79.80584 60.84017 36.38719 52.63123 70.17743 113.9448 73.62616 88.21021 102.3396 7.52155 88.05966 86.80717 45.61446 97.11632 58.20787 92.05773 45.31513 85.98654 12.85972 80.53697 41.3701 53.28366 12.84223 8.860274 35.71786 84.52479 35.98378 16.54112 56.07763 20.10599 62.65294 90.30896 68.45098 88.39852 83.17705 74.93449 89.69344 17.7287 55.26988 49.54286 67.8733 7.481269 34.88187 100.7377
30.94253 78.96339 69.49574 49.56715 94.61182 40.3198 66.74893 41.45236 81.92365 37.60039 70.72159 35.97572 35.11174 89.03764 108.1297 95.71525 47.34908 14.81193 13.80172 78.63166 35.58901 33.72561 71.95015 90.73008 59.79843 86.48536 93.60197 106.4065 54.39656 57.2255 49.88825 84.88277 58.46908 53.00938 28.94221 100.9479 44.84914 55.92882 33.75584 89.60574 74.74321 107.2883 26.95489 69.57182 0 5.41743 96.8234 44.56477 86.58215 27.27594 120.0063 61.01155 50.6398 61.4433 61.31502 80.99643 35.55446 101.6863 49.45862 59.82958 105.87 98.87359 111.1426 67.74156 85.92847 64.46977 54.95131 60.45221 41.82544 98.00112 11.55809 31.02353 40.47906 70.37669 72.07885 23.93886 74.51937 67.17011 76.5789 71.39809 91.90324 98.91912 84.22769 55.16408 46.97932 84.12607 49.88115 74.15282 33.94566 83.65276 68.83619 5.51736 24.75712 53.09626 101.6127 96.19655 22.89935 63.90803 34.72387 84.19515
