3

0 42.16213 23.74411 58.58028 81.52978 47.10585 76.07551 7.890839 59.72797 24.15215
42.16213 0 26.41825 72.04154 46.77759 32.40482 40.70731 49.80182 77.93094 19.16977
23.74411 26.41825 0 74.66829 72.51499 47.72285 66.51398 31.30893 77.91526 18.96481
58.58028 72.04154 74.66829 0 77.62314 43.97138 75.59287 56.97344 8.87945 58.52307
81.52978 46.77759 72.51499 77.62314 0 39.11148 6.079635 87.66608 86.23569 58.26045
47.10585 32.40482 47.72285 43.97138 39.11148 0 35.17454 51.73313 51.53494 28.94456
76.07551 40.70731 66.51398 75.59287 6.079635 35.17454 0 82.38067 84.03158 52.58355
7.890839 49.80182 31.30893 56.97344 87.66608 51.73313 82.38067 0 56.96404 31.35926
59.72797 77.93094 77.91526 8.87945 86.23569 51.53494 84.03158 56.96404 0 63.04519
24.15215 19.16977 18.96481 58.52307 58.26045 28.94456 52.58355 31.35926 63.04519 0
